------------------------
Step:1055
----------Er_mp-10752_conventional_standard.cif----------
weight: 1.0
Elastic Constants Calculation
C11: 88.805898696361(this meam), 66.0(data.json) ([GPa] unit)
C22: 88.8058987013127(this meam), 66.0(data.json) ([GPa] unit)
C33: 88.8058986970173(this meam), 66.0(data.json) ([GPa] unit)
C12: 21.5315920820622(this meam), 31.0(data.json) ([GPa] unit)
C13: 21.5315920807497(this meam), 31.0(data.json) ([GPa] unit)
C23: 21.5315920826401(this meam), 31.0(data.json) ([GPa] unit)
C44: 38.778000207648(this meam), 35.0(data.json) ([GPa] unit)
C55: 38.7780002077872(this meam), 35.0(data.json) ([GPa] unit)
C66: 38.7780002080363(this meam), 35.0(data.json) ([GPa] unit)
C14: -4.80034009838081e-10(this meam), 0.0(data.json) ([GPa] unit)
C15: 5.3675063431655e-10(this meam), 0.0(data.json) ([GPa] unit)
C16: -1.1588658635594e-12(this meam), 0.0(data.json) ([GPa] unit)
C24: -2.35442056318256e-10(this meam), 0.0(data.json) ([GPa] unit)
C25: 2.48322793208885e-10(this meam), 0.0(data.json) ([GPa] unit)
C26: -2.0270519236985e-12(this meam), 0.0(data.json) ([GPa] unit)
C34: -2.71027680191187e-10(this meam), 0.0(data.json) ([GPa] unit)
C35: 8.31841984300826e-10(this meam), 0.0(data.json) ([GPa] unit)
C36: 4.35581588470862e-10(this meam), 0.0(data.json) ([GPa] unit)
C45: 2.27095930564997e-10(this meam), 0.0(data.json) ([GPa] unit)
C46: -2.86461621999775e-10(this meam), 0.0(data.json) ([GPa] unit)
C56: 1.91797019893768e-10(this meam), 0.0(data.json) ([GPa] unit)
elastic diff. value: 0.6730238472232343
The cohesive energy (eV/atom) is 2.98552551322557
The difference energy (eV/atom) is -0.03787448677442962
----------Er_mp-10753_conventional_standard.cif----------
weight: 1.0
Elastic Constants Calculation
C11: 4345.51852976019(this meam), 23.0(data.json) ([GPa] unit)
C22: -20702.677378075(this meam), 23.0(data.json) ([GPa] unit)
C33: -685.42157640995(this meam), 23.0(data.json) ([GPa] unit)
C12: 2027.11793332506(this meam), 48.0(data.json) ([GPa] unit)
C13: 1741.17706750008(this meam), 48.0(data.json) ([GPa] unit)
C23: 4883.48678504245(this meam), 48.0(data.json) ([GPa] unit)
C44: -1068.55202822965(this meam), 24.0(data.json) ([GPa] unit)
C55: 6086.99985458492(this meam), 24.0(data.json) ([GPa] unit)
C66: -946.7054419411(this meam), 24.0(data.json) ([GPa] unit)
C14: -1419.88687355164(this meam), 0.0(data.json) ([GPa] unit)
C15: 6110.42867043498(this meam), 0.0(data.json) ([GPa] unit)
C16: -3446.48279402099(this meam), 0.0(data.json) ([GPa] unit)
C24: 4830.58400591648(this meam), 0.0(data.json) ([GPa] unit)
C25: -4794.80077078246(this meam), 0.0(data.json) ([GPa] unit)
C26: 6956.11271009195(this meam), 0.0(data.json) ([GPa] unit)
C34: -1367.07334379734(this meam), 0.0(data.json) ([GPa] unit)
C35: 3679.20982256759(this meam), 0.0(data.json) ([GPa] unit)
C36: -2576.0306444711(this meam), 0.0(data.json) ([GPa] unit)
C45: -123.387698474025(this meam), 0.0(data.json) ([GPa] unit)
C46: -1271.96905915752(this meam), 0.0(data.json) ([GPa] unit)
C56: -1910.45665416311(this meam), 0.0(data.json) ([GPa] unit)
elastic diff. value: 7859627.784920468
The cohesive energy (eV/atom) is 2.83247854297968
The difference energy (eV/atom) is -0.07492145702032005
----------Er_mp-99_(1_0_-1_0).cif----------
weight: 1.0
Surface Energy Calculation
