Usage in lammps input
#-------------------------------------------------------------
pair_style meam
pair_coeff * * ./../../library.meam Ni Ti Hf ./../../NiTiHf.meam Ni Ti
#-------------------------------------------------------------

Results [NiTi CsCl-type = B2]
-------------------------------------------------------------
Show results of 1st step (Running Minimization)
The number of atoms = 2;
The lattice constant, x (Angstoms) = 3.20409273354789;
The lattice constant, y (Angstoms) = 3.20409273354789;
The lattice constant, z (Angstoms) = 3.20409273354789;
The volume (Angstoms^3) = 32.8938896476382;
The total energy (eV) = -9.6048101590758;
The cohesive energy (eV/atom) = -4.8024050795379;
-------------------------------------------------------------
C tensor [GPa] (elastic stiffness constants)
          1                 2                 3                 4                 5                 6
1       148.13627         117.98015         117.98015     1.4353736e-09    -4.6598456e-10    -2.5670736e-09
2       117.98015         148.13627         117.98015     1.8516298e-09    -1.0400222e-09     -1.761674e-09
3       117.98015         117.98015         148.13627     2.4343329e-09     9.4547507e-10    -1.5959546e-09
4   1.4353736e-09     1.8516298e-09     2.4343329e-09         90.813337     1.3506052e-09     1.0710164e-09
5  -4.6598456e-10    -1.0400222e-09     9.4547507e-10     1.3506052e-09         90.813337     7.9685217e-10
6  -2.5670736e-09     -1.761674e-09    -1.5959546e-09     1.0710164e-09     7.9685217e-10         90.813337
-------------------------------------------------------------
Voigt bulk modulus, BV:       128.03219
Reuss bulk modulus, BR:       128.03219
Hill bulk modulus, B=(BV+BR)/2:       128.03219 [GPa]

Voigt shear modulus, GV:       115.00723
Reuss shear modulus, GR:       35.485715
Hill shear modulus, G=(GV+GR)/2:       75.246471 [GPa]

Pughs modulus ratio, k=G/B:      0.58771525
-------------------------------------------------------------

Reference (S. Ataollahi et al., Comput. Mater. Sci. 227 (2023) 112278.: https://doi.org/10.1016/j.commatsci.2023.112278)
-------------------------------------------------------------
NiTi CsCl-type
a   3.008 [A]
C11 153 [GPa]
C12 122 [GPa]
C44  80 [GPa]
-------------------------------------------------------------



Results [NiHf CsCl-type = B2]
-------------------------------------------------------------
Show results of 1st step (Running Minimization)
The number of atoms = 2;
The lattice constant, x (Angstoms) = 3.46222170153202;
The lattice constant, y (Angstoms) = 3.46222170153202;
The lattice constant, z (Angstoms) = 3.46222170153202;
The volume (Angstoms^3) = 41.5015792123892;
The total energy (eV) = -11.3089006546444;
The cohesive energy (eV/atom) = -5.6544503273222;
-------------------------------------------------------------
C tensor [GPa] (elastic stiffness constants)
          1                 2                 3                 4                 5                 6
1        166.5954         114.15827         114.15827     8.4520156e-10     9.8579621e-11    -2.4639656e-10
2       114.15827          166.5954         114.15827     -6.318468e-10    -9.2632329e-10    -1.2176551e-09
3       114.15827         114.15827          166.5954    -5.6940783e-10    -1.9183094e-09       9.48887e-11
4   8.4520156e-10     -6.318468e-10    -5.6940783e-10         88.036858     7.0026432e-10    -2.6495954e-10
5   9.8579621e-11    -9.2632329e-10    -1.9183094e-09     7.0026432e-10         88.036858     8.7002274e-11
6  -2.4639656e-10    -1.2176551e-09       9.48887e-11    -2.6495954e-10     8.7002274e-11         88.036858
-------------------------------------------------------------
C tensor [GPa] (elastic stiffness constants)
          1                 2                 3                 4                 5                 6
1        166.5954         114.15827         114.15827     8.4520156e-10     9.8579621e-11    -2.4639656e-10
2       114.15827          166.5954         114.15827     -6.318468e-10    -9.2632329e-10    -1.2176551e-09
3       114.15827         114.15827          166.5954    -5.6940783e-10    -1.9183094e-09       9.48887e-11
4   8.4520156e-10     -6.318468e-10    -5.6940783e-10         88.036858     7.0026432e-10    -2.6495954e-10
5   9.8579621e-11    -9.2632329e-10    -1.9183094e-09     7.0026432e-10         88.036858     8.7002274e-11
6  -2.4639656e-10    -1.2176551e-09       9.48887e-11    -2.6495954e-10     8.7002274e-11         88.036858
-------------------------------------------------------------
Voigt bulk modulus, BV:       131.63731
Reuss bulk modulus, BR:       131.63731
Hill bulk modulus, B=(BV+BR)/2:       131.63731 [GPa]

Voigt shear modulus, GV:       116.13166
Reuss shear modulus, GR:       58.961586
Hill shear modulus, G=(GV+GR)/2:       87.546621 [GPa]

Pughs modulus ratio, k=G/B:      0.66505933
-------------------------------------------------------------

Reference (S. Ataollahi et al., Comput. Mater. Sci. 227 (2023) 112278.: https://doi.org/10.1016/j.commatsci.2023.112278)
-------------------------------------------------------------
NiHf CsCl-type
a   3.148 [A]
C11 391 [GPa]
C12 127 [GPa]
C44 101 [GPa]
-------------------------------------------------------------



Results [Ti3Hf L12]
-------------------------------------------------------------
Show results of 1st step (Running Minimization)
The number of atoms = 4;
The lattice constant, x (Angstoms) = 4.54579862783112;
The lattice constant, y (Angstoms) = 4.54579862783112;
The lattice constant, z (Angstoms) = 4.54579862783112;
The volume (Angstoms^3) = 93.9356791472193;
The total energy (eV) = -22.5322507840007;
The cohesive energy (eV/atom) = -5.63306269600018;
-------------------------------------------------------------
C tensor [GPa] (elastic stiffness constants)
          1                 2                 3                 4                 5                 6
1       41.186689         244.35464         177.31023          8.000424        -9.6748065         4.2592893
2       244.35464         117.11318         158.79527         -13.74806         3.7852935        -1.4236442
3       177.31023         158.79527         128.57864         14.620388        -4.3027064         7.0054954
4        8.000424         -13.74806         14.620388         94.457632         2.0639467         2.5981539
5      -9.6748065         3.7852935        -4.3027064         2.0639467          65.99695        -19.354691
6       4.2592893        -1.4236442         7.0054954         2.5981539        -19.354691         62.384383
-------------------------------------------------------------
Voigt bulk modulus, BV:       160.86653
Reuss bulk modulus, BR:       165.79986
Hill bulk modulus, B=(BV+BR)/2:        163.3332 [GPa]

Voigt shear modulus, GV:       69.563477
Reuss shear modulus, GR:      -67.930053
Hill shear modulus, G=(GV+GR)/2:      0.81671214 [GPa]

Pughs modulus ratio, k=G/B:    0.0050002825
-------------------------------------------------------------