Step:7 (energy)
No.7: 0.85, 4.67, 6.95, 4.15, 0.50, 10.72, 13.28, -9.70, 1.90, 2.06, 0.8012100942184509

Step:43 (elastic)
No.43: 0.86, 1.62, 0.19, 0.67, 4.59, 2.27, 0.56, -4.90, 0.86, 2.35, 0.8012100942184509
