Usage in lammps input
#-------------------------------------------------------------
pair_style meam
pair_coeff * * ./../../library.meam Ti V Cr Fe N ./../../TiVCrFeN.meam Ti N
#-------------------------------------------------------------

Results [TiN (mp-492: TiN (cubic, Fm-3m, 225))]
-------------------------------------------------------------
Show results of 1st step (Running Minimization)
The number of atoms = 8;
The lattice constant, x (Angstoms) = 4.50643593976471;
The lattice constant, y (Angstoms) = 4.50643593976471;
The lattice constant, z (Angstoms) = 4.50643593976471;
The volume (Angstoms^3) = 91.51654279512;
The total energy (eV) = -50.9147108326446;
The cohesive energy (eV/atom) = -6.36433885408058;
-------------------------------------------------------------
# Murnaghan equation of state
f(x) = (a*x/(b*(b-1)))*(b*(1-c/x)+(c/x)**b-1)+d

Final set of parameters            Asymptotic Standard Error
=======================            ==========================
a               = 1.76916          +/- 0.001152     (0.0651%)
b               = 4.19555          +/- 0.02053      (0.4893%)
c               = 76.3399          +/- 0.0057       (0.007467%)
d               = -52.8768         +/- 0.0006544    (0.001238%)

76.3399^(1/3) = 4.2421289 [A]
-52.8768/8 = -6.6096 [eV/atom]
-------------------------------------------------------------
C tensor [GPa] (elastic stiffness constants)
          1                 2                 3                 4                 5                 6
1       564.53961         149.10257         149.10257     1.6426136e-09     2.3050923e-09     2.5341841e-09
2       149.10257         564.53961         149.10257    -2.3719614e-09     -2.592287e-09     5.0489586e-10
3       149.10257         149.10257         564.53961    -7.5302657e-10     -2.640015e-09    -1.0292069e-09
4   1.6426136e-09    -2.3719614e-09    -7.5302657e-10         214.76181    -3.0533936e-09     1.4887032e-09
5   2.3050923e-09     -2.592287e-09     -2.640015e-09    -3.0533936e-09         214.76181    -1.2800434e-09
6   2.5341841e-09     5.0489586e-10    -1.0292069e-09     1.4887032e-09    -1.2800434e-09         214.76181
-------------------------------------------------------------
Voigt bulk modulus, BV:       287.58158
Reuss bulk modulus, BR:       287.58158
Hill bulk modulus, B=(BV+BR)/2:       287.58158 [GPa]

Voigt shear modulus, GV:       340.80158
Reuss shear modulus, GR:       381.07852
Hill shear modulus, G=(GV+GR)/2:       360.94005 [GPa]

Pughs modulus ratio, k=G/B:       1.2550875
-------------------------------------------------------------

Reference (S. Ding et al., J. Alloys Compd. 805 (2019) 1081-1089.: https://doi.org/10.1016/j.jallcom.2019.07.114)
-------------------------------------------------------------
TiN (NaCl type)
a 4.24
Ec 6.61
C11 622
C12 121
C44 169
-------------------------------------------------------------



Results [VN NaCl-type]
-------------------------------------------------------------
Show results of 1st step (Running Minimization)
The number of atoms = 8;
The lattice constant, x (Angstoms) = 4.37683075525421;
The lattice constant, y (Angstoms) = 4.37683075525421;
The lattice constant, z (Angstoms) = 4.37683075525421;
The volume (Angstoms^3) = 83.8454037710992;
The total energy (eV) = -53.4763896207499;
The cohesive energy (eV/atom) = -6.68454870259374;
-------------------------------------------------------------
# Murnaghan equation of state
f(x) = (a*x/(b*(b-1)))*(b*(1-c/x)+(c/x)**b-1)+d

Final set of parameters            Asymptotic Standard Error
=======================            ==========================
a               = 1.83532          +/- 0.001115     (0.06073%)
b               = 4.04581          +/- 0.01922      (0.475%)
c               = 69.9401          +/- 0.004893     (0.006996%)
d               = -55.3571         +/- 0.0005813    (0.00105%)

69.9401^(1/3) = 4.12010 [A]
-55.3571/8 = -6.9196 [eV/atom]
-------------------------------------------------------------
C tensor [GPa] (elastic stiffness constants)
          1                 2                 3                 4                 5                 6
1       414.19071         130.85649         130.85649     4.5380967e-10    -1.5756617e-10     6.7989869e-10
2       130.85649         414.19071         130.85649    -3.1776502e-09     1.1253074e-09    -9.2307441e-10
3       130.85649         130.85649         414.19071    -2.7311866e-10    -3.7841085e-10     6.7245555e-10
4   4.5380967e-10    -3.1776502e-09    -2.7311866e-10         74.629658    -6.0566134e-10    -1.0860322e-09
5  -1.5756617e-10     1.1253074e-09    -3.7841085e-10    -6.0566134e-10         74.629658    -2.8542124e-09
6   6.7989869e-10    -9.2307441e-10     6.7245555e-10    -1.0860322e-09    -2.8542124e-09         74.629658
-------------------------------------------------------------
Voigt bulk modulus, BV:       225.30123
Reuss bulk modulus, BR:       225.30123
Hill bulk modulus, B=(BV+BR)/2:       225.30123 [GPa]

Voigt shear modulus, GV:       146.22243
Reuss shear modulus, GR:       206.89176
Hill shear modulus, G=(GV+GR)/2:       176.55709 [GPa]

Pughs modulus ratio, k=G/B:      0.78364904
-------------------------------------------------------------

Reference (S. Ding et al., J. Alloys Compd. 805 (2019) 1081-1089.: https://doi.org/10.1016/j.jallcom.2019.07.114)
-------------------------------------------------------------
VN (NaCl type)
a  4.12
Ec 6.92
C11 588
C12 153
C44 137
-------------------------------------------------------------



Results [CrN NaCl-type]
-------------------------------------------------------------
Show results of 1st step (Running Minimization)
The number of atoms = 8;
The lattice constant, x (Angstoms) = 4.40657624267056;
The lattice constant, y (Angstoms) = 4.40657624267056;
The lattice constant, z (Angstoms) = 4.40657624267056;
The volume (Angstoms^3) = 85.5665193186818;
The total energy (eV) = -40.3831168476938;
The cohesive energy (eV/atom) = -5.04788960596172;
-------------------------------------------------------------
# Murnaghan equation of state
f(x) = (a*x/(b*(b-1)))*(b*(1-c/x)+(c/x)**b-1)+d

Final set of parameters            Asymptotic Standard Error
=======================            ==========================
a               = 1.31081          +/- 0.0007768    (0.05926%)
b               = 3.99431          +/- 0.01878      (0.4701%)
c               = 71.3754          +/- 0.00488      (0.006837%)
d               = -41.7579         +/- 0.0004137    (0.0009907%)

71.3754^(1/3) = 4.14810 [A]
-41.7579/8 = -5.2197 [eV/atom]
-------------------------------------------------------------
C tensor [GPa] (elastic stiffness constants)
          1                 2                 3                 4                 5                 6
1      -2731.5628         932.08773         1665.2673         8.4030057         4.8140933        -46.480177
2       932.08773        -1298.9907         763.76888         1.6100711         2.7459838        -16.332411
3       1665.2673         763.76888        -1260.4186        -15.020401        -98.003052         44.367731
4       8.4030057         1.6100711        -15.020401        -13.545702         -15.71763         2.0661297
5       4.8140933         2.7459838        -98.003052         -15.71763        -21.719543        -3.2004786
6      -46.480177        -16.332411         44.367731         2.0661297        -3.2004786        -13.112963
-------------------------------------------------------------
Voigt bulk modulus, BV:       159.03064
Reuss bulk modulus, BR:      -295.79324
Hill bulk modulus, B=(BV+BR)/2:      -68.381303 [GPa]

Voigt shear modulus, GV:      -596.15769
Reuss shear modulus, GR:      -21.148084
Hill shear modulus, G=(GV+GR)/2:      -308.65289 [GPa]

Pughs modulus ratio, k=G/B:       4.5137029
-------------------------------------------------------------


Reference (S. Ding et al., J. Alloys Compd. 805 (2019) 1081-1089.: https://doi.org/10.1016/j.jallcom.2019.07.114)
-------------------------------------------------------------
CrN (NaCl type)
a  4.148
Ec 5.22
C11 515
C12  62
C44 100
-------------------------------------------------------------



Results [FeN NaCl-type]
-------------------------------------------------------------
Show results of 1st step (Running Minimization)
The number of atoms = 8;
The lattice constant, x (Angstoms) = 4.33433726361915;
The lattice constant, y (Angstoms) = 4.33433726361915;
The lattice constant, z (Angstoms) = 4.33433726361915;
The volume (Angstoms^3) = 81.4269382132049;
The total energy (eV) = -34.9745415270231;
The cohesive energy (eV/atom) = -4.37181769087789;
-------------------------------------------------------------
# Murnaghan equation of state
f(x) = (a*x/(b*(b-1)))*(b*(1-c/x)+(c/x)**b-1)+d

Final set of parameters            Asymptotic Standard Error
=======================            ==========================
a               = 1.20138          +/- 0.0007537    (0.06274%)
b               = 4.22791          +/- 0.01977      (0.4676%)
c               = 67.9235          +/- 0.004883     (0.00719%)
d               = -36.1581         +/- 0.0003809    (0.001053%)

-------------------------------------------------------------
C tensor [GPa] (elastic stiffness constants)
          1                 2                 3                 4                 5                 6
1       3758.3499         210.14062        -3257.7392         1099.8898        -363.15113         3258.3627
2       210.14062         13886.225          4131.911        -631.80655         11242.989         607.42398
3      -3257.7392          4131.911         1524.0782         839.74601         5132.2834        -2174.1443
4       1099.8898        -631.80655         839.74601        -3300.1311         804.64854         1305.6053
5      -363.15113         11242.989         5132.2834         804.64854         7839.5971         5359.7119
6       3258.3627         607.42398        -2174.1443         1305.6053         5359.7119          1002.681
-------------------------------------------------------------
Voigt bulk modulus, BV:       2370.8087
Reuss bulk modulus, BR:      -932.66374
Hill bulk modulus, B=(BV+BR)/2:       719.07247 [GPa]

Voigt shear modulus, GV:       3422.4815
Reuss shear modulus, GR:      -11345.939
Hill shear modulus, G=(GV+GR)/2:      -3961.7287 [GPa]

Pughs modulus ratio, k=G/B:      -5.5094985
-------------------------------------------------------------


Reference (S. Ding et al., J. Alloys Compd. 805 (2019) 1081-1089.: https://doi.org/10.1016/j.jallcom.2019.07.114)
-------------------------------------------------------------
FeN (NaCl type)
a  4.08
Ec 4.515
C11 360
C12 112
C44  72
-------------------------------------------------------------