Usage in lammps input
#-------------------------------------------------------------
pair_style meam
pair_coeff * * ./../../library.meam Ti V Cr Fe N ./../../TiVCrFeN.meam Ti N
#-------------------------------------------------------------

Results [TiN (mp-492: TiN (cubic, Fm-3m, 225))]
-------------------------------------------------------------
Show results of 1st step (Running Minimization)
The number of atoms = 8;
The lattice constant, x (Angstoms) = 4.50643593506318;
The lattice constant, y (Angstoms) = 4.50643593506318;
The lattice constant, z (Angstoms) = 4.50643593506318;
The volume (Angstoms^3) = 91.5165425086847;
The total energy (eV) = -50.9147108950198;
The cohesive energy (eV/atom) = -6.36433886187747;
-------------------------------------------------------------
# Murnaghan equation of state
f(x) = (a*x/(b*(b-1)))*(b*(1-c/x)+(c/x)**b-1)+d

Final set of parameters            Asymptotic Standard Error
=======================            ==========================
a               = 1.76916          +/- 0.001152     (0.0651%)
b               = 4.19555          +/- 0.02053      (0.4893%)
c               = 76.3399          +/- 0.0057       (0.007467%)
d               = -52.8768         +/- 0.0006544    (0.001238%)

76.3399^(1/3) = 4.2421289 [A]
-52.8768/8 = -6.6096 [eV/atom]
-------------------------------------------------------------
C tensor [GPa] (elastic stiffness constants)
          1                 2                 3                 4                 5                 6
1       47952.603         10021.803         22041.626        -278.58638        -1163.2779        -79.549397
2       10021.803         213.47505         31297.328        -248.21705         152.58283         191.80642
3       22041.626         31297.328         27171.075        -823.98688        -737.77481        -251.73153
4      -278.58638        -248.21705        -823.98688          17.57345        -8.7305481        -10.176385
5      -1163.2779         152.58283        -737.77481        -8.7305481         14.785832         4.8338205
6      -79.549397         191.80642        -251.73153        -10.176385         4.8338205         7.2101377
-------------------------------------------------------------
Voigt bulk modulus, BV:       22450.963
Reuss bulk modulus, BR:       666.49381
Hill bulk modulus, B=(BV+BR)/2:       11558.728 [GPa]

Voigt shear modulus, GV:       814.25416
Reuss shear modulus, GR:       5.7245137
Hill shear modulus, G=(GV+GR)/2:       409.98934 [GPa]

Pughs modulus ratio, k=G/B:     0.035470108
-------------------------------------------------------------

Reference (# S. Ding et al., J. Alloys Compd. 805 (2019) 1081-1089.: https://doi.org/10.1016/j.jallcom.2019.07.114)
-------------------------------------------------------------
TiN (NaCl type)
a 4.24
Ec 6.61
C11 622
C12 121
C44 169
-------------------------------------------------------------
