Usage in lammps input
#-------------------------------------------------------------
pair_style meam
pair_coeff * * ./../../library.meam Mo Si ./../../MoSi.meam Mo Si
#-------------------------------------------------------------

Results [MoSi2, mp-2592: Si2Mo (tetragonal, I4/mmm, 139)]
-------------------------------------------------------------
Show results of 1st step (Running Minimization)
The number of atoms = 6;
The lattice constant, x (Angstoms) = 3.73794951825418;
The lattice constant, y (Angstoms) = 3.73794951825418;
The lattice constant, z (Angstoms) = 9.13374144914196;
The volume (Angstoms^3) = 127.619070592168;
The total energy (eV) = -33.0435785330699;
The cohesive energy (eV/atom) = -5.50726308884498;
-------------------------------------------------------------
# Murnaghan equation of state
f(x) = (a*x/(b*(b-1)))*(b*(1-c/x)+(c/x)**b-1)+d

Final set of parameters            Asymptotic Standard Error
=======================            ==========================
a               = 1.33908          +/- 0.001118     (0.08351%)
b               = 4.97627          +/- 0.02575      (0.5174%)
c               = 106.464          +/- 0.009921     (0.009318%)
d               = -35.0263         +/- 0.0008758    (0.0025%)

-35.0263/6 = -5.8377 [eV/atom]
-------------------------------------------------------------
C tensor [GPa] (elastic stiffness constants)
          1                 2                 3                 4                 5                 6
1       253.01271         127.89633         156.93601    -7.6101204e-09     1.9332086e-09    -6.2104363e-10
2       127.89633         253.01271         156.93601      -5.59411e-09     2.3476585e-09     1.6803034e-09
3       156.93601         156.93601         471.54778    -1.4579424e-08     5.5700765e-09    -7.0005694e-10
4  -7.6101204e-09      -5.59411e-09    -1.4579424e-08          36.33623     3.0853761e-09     1.5567839e-09
5   1.9332086e-09     2.3476585e-09     5.5700765e-09     3.0853761e-09          36.33623    -3.7649896e-10
6  -6.2104363e-10     1.6803034e-09    -7.0005694e-10     1.5567839e-09    -3.7649896e-10         136.63877
-------------------------------------------------------------
Voigt bulk modulus, BV:       206.78999
Reuss bulk modulus, BR:       187.22731
Hill bulk modulus, B=(BV+BR)/2:       197.00865 [GPa]

Voigt shear modulus, GV:       119.44481
Reuss shear modulus, GR:       121.67522
Hill shear modulus, G=(GV+GR)/2:       120.56002 [GPa]

Pughs modulus ratio, k=G/B:      0.61195292
-------------------------------------------------------------

Reference (M. I. Baskes, Mater. Sci. Eng. A261 (1999) 165-168.: https://doi.org/10.1016/S0921-5093(98)01062-4)
-------------------------------------------------------------
MoSi2
C11 210 [GPa]
C12 145 [GPa]
C13 148 [GPa]
C33 510 [GPa]
C44  26 [GPa]
C66 133 [GPa]
-------------------------------------------------------------
