Usage in lammps input
#-------------------------------------------------------------
pair_style meam
pair_coeff * * ./../../library.meam Ti V N ./../../TiVN.meam Ti V
#-------------------------------------------------------------

Results [TiV BCC_B2]
-------------------------------------------------------------
Show results of 1st step (Running Minimization)
The number of atoms = 8;
The lattice constant, x (Angstoms) = 5.21368602426317;
The lattice constant, y (Angstoms) = 5.21368602426317;
The lattice constant, z (Angstoms) = 5.21368602426317;
The volume (Angstoms^3) = 141.721134844978;
The total energy (eV) = -36.222894690787;
The cohesive energy (eV/atom) = -4.52786183634837;
-------------------------------------------------------------
# Murnaghan equation of state
f(x) = (a*x/(b*(b-1)))*(b*(1-c/x)+(c/x)**b-1)+d

Final set of parameters            Asymptotic Standard Error
=======================            ==========================
a               = 0.547009         +/- 0.0002664    (0.0487%)
b               = 3.55709          +/- 0.01556      (0.4375%)
c               = 118.213          +/- 0.006712     (0.005678%)
d               = -37.197          +/- 0.0002359    (0.0006343%)

118.213^(1/3) = 4.907817 [A]
-37.197/8 = -4.6496 [eV/atom]
-------------------------------------------------------------
C tensor [GPa] (elastic stiffness constants)
          1                 2                 3                 4                 5                 6
1       29.086958         47.082326         230.51171         86.390193        -8.9762978        -156.18808
2       47.082326         168.92127        -6.1334078         47.150432        -13.183745        -16.462124
3       230.51171        -6.1334078        -13.776719        -102.92368        -4.5928977           106.296
4       86.390193         47.150432        -102.92368         100.70818        -39.675044        -43.597086
5      -8.9762978        -13.183745        -4.5928977        -39.675044        -36.858434         2.8487974
6      -156.18808        -16.462124           106.296        -43.597086         2.8487974        -94.490648
-------------------------------------------------------------
Voigt bulk modulus, BV:       80.794752
Reuss bulk modulus, BR:       80.781972
Hill bulk modulus, B=(BV+BR)/2:       80.788362 [GPa]

Voigt shear modulus, GV:      -18.071636
Reuss shear modulus, GR:      -516.12805
Hill shear modulus, G=(GV+GR)/2:      -267.09984 [GPa]

Pughs modulus ratio, k=G/B:      -3.3061674
-------------------------------------------------------------

Reference (S. Ding et al., J. Alloy. Comp. 814 (2020) 152151.: https://doi.org/10.1016/j.jallcom.2019.152151)
-------------------------------------------------------------
Structure	Property	MEAM	Exp.e	First-principles
Present	Previousa	Presentb	Previousc
B2-type TiV	a	3.06	3.08	–	3.10	3.28
Ec	5.208	5.085	–	5.283	5.2076d
C11	167	168	167.6	165.1	169.6
C12	108	108.9	110	119.2	122.3
C44	41.8	38.1	41.3	43.2	33.6
-------------------------------------------------------------
