Usage in lammps input
#-------------------------------------------------------------
pair_style meam
pair_coeff * * ./../../library.meam Ti V N ./../../TiVN.meam Ti V
#-------------------------------------------------------------

Results [TiV BCC_B2]
-------------------------------------------------------------
Show results of 1st step (Running Minimization)
The number of atoms = 2;
The lattice constant, x (Angstoms) = 3.24457323646615;
The lattice constant, y (Angstoms) = 3.24457323646615;
The lattice constant, z (Angstoms) = 3.24457323646615;
The volume (Angstoms^3) = 34.1564514058881;
The total energy (eV) = -10.086127464693;
The cohesive energy (eV/atom) = -5.04306373234651;
-------------------------------------------------------------
# Murnaghan equation of state
f(x) = (a*x/(b*(b-1)))*(b*(1-c/x)+(c/x)**b-1)+d

Final set of parameters            Asymptotic Standard Error
=======================            ==========================
a               = 0.783872         +/- 0.0004504    (0.05745%)
b               = 3.92972          +/- 0.01823      (0.4638%)
c               = 28.4915          +/- 0.001892     (0.00664%)
d               = -10.4155         +/- 9.58e-05     (0.0009198%)

28.4915^(1/3) = 3.05425 [A]
-10.4155/2 = -5.20775 [eV/atom]
-------------------------------------------------------------
C tensor [GPa] (elastic stiffness constants)
          1                 2                 3                 4                 5                 6
1       136.26647         92.199188         79.134493      -0.025124273         1.1824037     -0.0020016769
2       92.199188         232.87411         89.209582        0.16831768        -2.0825053      -0.063483089
3       79.134493         89.209582         144.95986      -0.029075749         2.2046243     -0.0048728581
4    -0.025124273        0.16831768      -0.029075749         38.547787     8.2250068e-05         1.8206627
5       1.1824037        -2.0825053         2.2046243     8.2250068e-05         27.775013      0.0030271876
6   -0.0020016769      -0.063483089     -0.0048728581         1.8206627      0.0030271876         38.917433
-------------------------------------------------------------
Voigt bulk modulus, BV:       115.02077
Reuss bulk modulus, BR:        107.4439
Hill bulk modulus, B=(BV+BR)/2:       111.23234 [GPa]

Voigt shear modulus, GV:       58.999906
Reuss shear modulus, GR:        66.98293
Hill shear modulus, G=(GV+GR)/2:       62.991418 [GPa]

Pughs modulus ratio, k=G/B:       0.5663049
-------------------------------------------------------------

Reference (S. Ding et al., J. Alloy. Comp. 814 (2020) 152151.: https://doi.org/10.1016/j.jallcom.2019.152151)
-------------------------------------------------------------
Structure	Property	MEAM	Exp.e	First-principles
Present	Previousa	Presentb	Previousc
B2-type TiV	a	3.06	3.08	–	3.10	3.28
Ec	5.208	5.085	–	5.283	5.2076d
C11	167	168	167.6	165.1	169.6
C12	108	108.9	110	119.2	122.3
C44	41.8	38.1	41.3	43.2	33.6
-------------------------------------------------------------
