Usage in lammps input
#-------------------------------------------------------------
pair_style meam
pair_coeff * * ./../../library.meam Ti V N ./../../TiVN.meam Ti V
#-------------------------------------------------------------

Results [TiV BCC_B2]
-------------------------------------------------------------
Show results of 1st step (Running Minimization)
The number of atoms = 2;
The lattice constant, x (Angstoms) = 3.24457323717111;
The lattice constant, y (Angstoms) = 3.24457323717111;
The lattice constant, z (Angstoms) = 3.24457323717111;
The volume (Angstoms^3) = 34.1564514281521;
The total energy (eV) = -10.0861274624699;
The cohesive energy (eV/atom) = -5.04306373123496;
-------------------------------------------------------------
# Murnaghan equation of state
f(x) = (a*x/(b*(b-1)))*(b*(1-c/x)+(c/x)**b-1)+d

Final set of parameters            Asymptotic Standard Error
=======================            ==========================
a               = 0.783872         +/- 0.0004504    (0.05745%)
b               = 3.92972          +/- 0.01823      (0.4638%)
c               = 28.4915          +/- 0.001892     (0.00664%)
d               = -10.4155         +/- 9.58e-05     (0.0009198%)

28.4915^(1/3) = 3.05425 [A]
-10.4155/2 = -5.20775 [eV/atom]
-------------------------------------------------------------
C tensor [GPa] (elastic stiffness constants)
          1                 2                 3                 4                 5                 6
1       462.92538        -40.646306        -40.646306     3.4721791e-09    -4.4376201e-09    -1.3602741e-09
2      -40.646306         462.92538        -40.646306    -1.3254426e-08    -8.1395286e-09     1.7959271e-09
3      -40.646306        -40.646306         462.92538    -4.8252028e-09      2.402793e-09     3.6973302e-10
4   3.4721791e-09    -1.3254426e-08    -4.8252028e-09         63.856098     -2.902301e-10    -2.0362504e-09
5  -4.4376201e-09    -8.1395286e-09      2.402793e-09     -2.902301e-10         63.856098     1.5812266e-10
6  -1.3602741e-09     1.7959271e-09     3.6973302e-10    -2.0362504e-09     1.5812266e-10         63.856098
-------------------------------------------------------------
Voigt bulk modulus, BV:       127.21092
Reuss bulk modulus, BR:       127.21092
Hill bulk modulus, B=(BV+BR)/2:       127.21092 [GPa]

Voigt shear modulus, GV:       177.34165
Reuss shear modulus, GR:       253.95642
Hill shear modulus, G=(GV+GR)/2:       215.64904 [GPa]

Pughs modulus ratio, k=G/B:       1.6952085
-------------------------------------------------------------

Reference (S. Ding et al., J. Alloy. Comp. 814 (2020) 152151.: https://doi.org/10.1016/j.jallcom.2019.152151)
-------------------------------------------------------------
Structure	Property	MEAM	Exp.e	First-principles
Present	Previousa	Presentb	Previousc
B2-type TiV	a	3.06	3.08	–	3.10	3.28
Ec	5.208	5.085	–	5.283	5.2076d
C11	167	168	167.6	165.1	169.6
C12	108	108.9	110	119.2	122.3
C44	41.8	38.1	41.3	43.2	33.6
-------------------------------------------------------------
