Usage in lammps input
#-------------------------------------------------------------
pair_style meam
pair_coeff * * ./../../library.meam Ti V N ./../../TiVN.meam Ti V
#-------------------------------------------------------------

Results [TiV BCC_B2]
-------------------------------------------------------------
Show results of 1st step (Running Minimization)
The number of atoms = 2;
The lattice constant, x (Angstoms) = 3.24457323717111;
The lattice constant, y (Angstoms) = 3.24457323717111;
The lattice constant, z (Angstoms) = 3.24457323717111;
The volume (Angstoms^3) = 34.1564514281521;
The total energy (eV) = -10.0861274624699;
The cohesive energy (eV/atom) = -5.04306373123496;
-------------------------------------------------------------
# Murnaghan equation of state
f(x) = (a*x/(b*(b-1)))*(b*(1-c/x)+(c/x)**b-1)+d

Final set of parameters            Asymptotic Standard Error
=======================            ==========================
a               = 0.783872         +/- 0.0004504    (0.05745%)
b               = 3.92972          +/- 0.01823      (0.4638%)
c               = 28.4915          +/- 0.001892     (0.00664%)
d               = -10.4155         +/- 9.58e-05     (0.0009198%)

28.4915^(1/3) = 3.05425 [A]
-10.4155/2 = -5.20775 [eV/atom]
-------------------------------------------------------------
C tensor [GPa] (elastic stiffness constants)
          1                 2                 3                 4                 5                 6
1       465.49204        -41.929629        -41.929629     5.1886887e-09       -3.2657e-09     4.8995014e-09
2      -41.929629         465.49204        -41.929629    -3.3331871e-09     2.7201325e-09    -5.5429021e-09
3      -41.929629        -41.929629         465.49204      7.958627e-09     -2.344705e-09    -4.2418316e-10
4   5.1886887e-09    -3.3331871e-09      7.958627e-09         63.103361     2.4978487e-10    -6.7517545e-10
5     -3.2657e-09     2.7201325e-09     -2.344705e-09     2.4978487e-10         63.103361     1.2067939e-09
6   4.8995014e-09    -5.5429021e-09    -4.2418316e-10    -6.7517545e-10     1.2067939e-09         63.103361
-------------------------------------------------------------
Voigt bulk modulus, BV:       127.21093
Reuss bulk modulus, BR:       127.21093
Hill bulk modulus, B=(BV+BR)/2:       127.21093 [GPa]

Voigt shear modulus, GV:       177.20837
Reuss shear modulus, GR:       252.93081
Hill shear modulus, G=(GV+GR)/2:       215.06959 [GPa]

Pughs modulus ratio, k=G/B:       1.6906534
-------------------------------------------------------------

Reference (S. Ding et al., J. Alloy. Comp. 814 (2020) 152151.: https://doi.org/10.1016/j.jallcom.2019.152151)
-------------------------------------------------------------
Structure	Property	MEAM	Exp.e	First-principles
Present	Previousa	Presentb	Previousc
B2-type TiV	a	3.06	3.08	–	3.10	3.28
Ec	5.208	5.085	–	5.283	5.2076d
C11	167	168	167.6	165.1	169.6
C12	108	108.9	110	119.2	122.3
C44	41.8	38.1	41.3	43.2	33.6
-------------------------------------------------------------
