Usage in lammps input
#-------------------------------------------------------------
pair_style meam
pair_coeff * * ./../../library.meam Ni C ./../../NiC.meam Ni C
#-------------------------------------------------------------

Results [NiC, NaCl-type = FCC B1]
-------------------------------------------------------------
Show results of 1st step (Running Minimization)
The number of atoms = 8;
The lattice constant, x (Angstoms) = 4.33433724114516;
The lattice constant, y (Angstoms) = 4.33433724114516;
The lattice constant, z (Angstoms) = 4.33433724114516;
The volume (Angstoms^3) = 81.4269369465831;
The total energy (eV) = -38.0506430299418;
The cohesive energy (eV/atom) = 4.75633037874273;
-------------------------------------------------------------
C tensor [GPa] (elastic stiffness constants)
          1                 2                 3                 4                 5                 6
1       591.78107         80.672897         80.672897    -1.2881042e-09     8.6904738e-10    -2.3155771e-09
2       80.672897         591.78107         80.672897     2.6519705e-09      2.619145e-09    -3.5171719e-10
3       80.672897         80.672897         591.78107    -1.3851622e-09    -2.4875617e-09    -4.9828771e-09
4  -1.2881042e-09     2.6519705e-09    -1.3851622e-09         19.496007    -7.8557599e-12     4.5364375e-11
5   8.6904738e-10      2.619145e-09    -2.4875617e-09    -7.8557599e-12         19.496007     -4.443049e-11
6  -2.3155771e-09    -3.5171719e-10    -4.9828771e-09     4.5364375e-11     -4.443049e-11         19.496007
-------------------------------------------------------------
Voigt bulk modulus, BV:       251.04229
Reuss bulk modulus, BR:       251.04229
Hill bulk modulus, B=(BV+BR)/2:       251.04229 [GPa]

Voigt shear modulus, GV:       125.61684
Reuss shear modulus, GR:       108.00175
Hill shear modulus, G=(GV+GR)/2:       116.80929 [GPa]

Pughs modulus ratio, k=G/B:      0.46529728
-------------------------------------------------------------

#---------------------------------------------------------------------------
NiC, NaCl-type = FCC B1 (reference: W. Xiao et al., Surf. Sci. 603 (2009) 1985-1998.: https://doi.org/10.1016/j.susc.2009.03.009)
a   4.08 [A]
Ec  9.89 [eV]
C11  512 [GPa]
C12  121 [GPa]
C44  6.6 [GPa]
B    250 [GPa]
#---------------------------------------------------------------------------
