#------------------------------------------------------------------------
units metal
dimension 3
boundary p p p 
atom_style atomic
#------------------------------------------------------------------------
# 2NN-MEAM
pair_style meam
pair_coeff * * library.meam Fe He FeHe.meam Fe He
#------------------------------------------------------------------------
#------------------------------------------------------------------------


#------------------------------------------------------------------------
Test
#------------------------------------------------------------------------
Usage in lammps input
#-------------------------------------------------------------
pair_style meam
pair_coeff * * ./../../library.meam Fe He ./../../FeHe.meam Fe He
#-------------------------------------------------------------

Results [FeHe, CsCl-type = B2, He_sub = He in Substitutional Site (HeV)]
-------------------------------------------------------------
Show results of 1st step (Running Minimization)
The number of atoms = 2;
The lattice constant, x (Angstoms) = 3.02107683012438;
The lattice constant, y (Angstoms) = 3.02107683012438;
The lattice constant, z (Angstoms) = 3.02107683012438;
The volume (Angstoms^3) = 27.5730818712897;
The total energy (eV) = -6.48849301389976;
The cohesive energy (eV/atom) = 3.24424650694988;
-------------------------------------------------------------
# Murnaghan equation of state
f(x) = (a*x/(b*(b-1)))*(b*(1-c/x)+(c/x)**b-1)+d

Final set of parameters            Asymptotic Standard Error
=======================            ==========================
a               = 0.405777         +/- 0.0002889    (0.07119%)
b               = 4.8454           +/- 0.02205      (0.455%)
c               = 23.0017          +/- 0.001837     (0.007986%)
d               = -6.61934         +/- 4.899e-05    (0.0007402%)

23.0017^(1/3) = 2.84393 [A]
-6.61934/2 = -3.30967 [eV/atom]
-------------------------------------------------------------
C tensor [GPa] (elastic stiffness constants)
          1                 2                 3                 4                 5                 6
1      -172924.69        -168225.36        -343196.75         -256862.2        -347373.66        -208401.71
2      -168225.36         183643.45          928464.5        -215246.68        -139981.51         378076.07
3      -343196.75          928464.5         418797.32        -460256.31        -708918.18        -2255383.8
4       -256862.2        -215246.68        -460256.31         123156.81         283077.21         779021.91
5      -347373.66        -139981.51        -708918.18         283077.21         470238.32         12954.946
6      -208401.71         378076.07        -2255383.8         779021.91         12954.946        -904808.63
-------------------------------------------------------------
Voigt bulk modulus, BV:       140400.09
Reuss bulk modulus, BR:      -189683.69
Hill bulk modulus, B=(BV+BR)/2:      -24641.798 [GPa]

Voigt shear modulus, GV:      -123733.82
Reuss shear modulus, GR:      -736217.82
Hill shear modulus, G=(GV+GR)/2:      -429975.82 [GPa]

Pughs modulus ratio, k=G/B:       17.449044
-------------------------------------------------------------
