Usage in lammps input
#-------------------------------------------------------------
pair_style meam
pair_coeff * * ./../../library.meam Fe Cr Ni N ./../../FeCrNiN.meam Fe Ni
#-------------------------------------------------------------

Results [Ni3Fe L12-type]
-------------------------------------------------------------
Show results of 1st step (Running Minimization)
The number of atoms = 4;
The lattice constant, x (Angstoms) = 3.73780277559134;
The lattice constant, y (Angstoms) = 3.73780277559134;
The lattice constant, z (Angstoms) = 3.73780277559134;
The volume (Angstoms^3) = 52.2214764688375;
The total energy (eV) = -16.9271175728129;
The cohesive energy (eV/atom) = -4.23177939320322;
-------------------------------------------------------------
# Murnaghan equation of state
f(x) = (a*x/(b*(b-1)))*(b*(1-c/x)+(c/x)**b-1)+d

Final set of parameters            Asymptotic Standard Error
=======================            ==========================
a               = 1.16097          +/- 0.0008885    (0.07653%)
b               = 4.69927          +/- 0.0238       (0.5066%)
c               = 43.5633          +/- 0.00376      (0.008632%)
d               = -17.6414         +/- 0.0002861    (0.001622%)

43.5633^(1/3) = 3.5186 [A]
-17.6414/4 = -4.41035 [eV/atom]
-------------------------------------------------------------
C tensor [GPa] (elastic stiffness constants)
          1                 2                 3                 4                 5                 6
1       257.20134         155.15782         155.15782    -4.4221092e-09     2.4365439e-10    -4.8740409e-10
2       155.15782         257.20134         155.15782     -2.344113e-09     1.0283456e-09     -3.450323e-10
3       155.15782         155.15782         257.20134     -3.862243e-09     8.3312309e-10    -3.4835519e-10
4  -4.4221092e-09     -2.344113e-09     -3.862243e-09         113.90519     4.7204121e-10    -4.4264203e-10
5   2.4365439e-10     1.0283456e-09     8.3312309e-10     4.7204121e-10         113.90519    -4.8386167e-10
6  -4.8740409e-10     -3.450323e-10    -3.4835519e-10    -4.4264203e-10    -4.8386167e-10         113.90519
-------------------------------------------------------------
Voigt bulk modulus, BV:       189.17233
Reuss bulk modulus, BR:       189.17233
Hill bulk modulus, B=(BV+BR)/2:       189.17233 [GPa]

Voigt shear modulus, GV:       157.09493
Reuss shear modulus, GR:       109.20993
Hill shear modulus, G=(GV+GR)/2:       133.15243 [GPa]

Pughs modulus ratio, k=G/B:      0.70386843
-------------------------------------------------------------

Reference (P. Liu et al., Comput. Mater. Sci. 182 (2020) 109757.: https://doi.org/10.1016/j.commatsci.2020.109757)
-------------------------------------------------------------
Ni3Fe L12-type
C11 264.8 [GPa]
C12 157.9 [GPa]
C44 117.2 [GPa]
-------------------------------------------------------------



Results [NiN NaCl-type]
-------------------------------------------------------------
Show results of 1st step (Running Minimization)
The number of atoms = 8;
The lattice constant, x (Angstoms) = 4.29992913892423;
The lattice constant, y (Angstoms) = 4.29992913892423;
The lattice constant, z (Angstoms) = 4.29992913892423;
The volume (Angstoms^3) = 79.5030694009013;
The total energy (eV) = -33.8959313769928;
The cohesive energy (eV/atom) = -4.2369914221241;
-------------------------------------------------------------
# Murnaghan equation of state
f(x) = (a*x/(b*(b-1)))*(b*(1-c/x)+(c/x)**b-1)+d

Final set of parameters            Asymptotic Standard Error
=======================            ==========================
a               = 1.89868          +/- 0.001657     (0.08725%)
b               = 5.02983          +/- 0.02685      (0.5338%)
c               = 66.3243          +/- 0.006443     (0.009714%)
d               = -35.6418         +/- 0.0008075    (0.002266%)

66.3243^(1/3) = 4.047848 [A]
-35.6418/8 = -4.455225 [eV/atom]
-------------------------------------------------------------
C tensor [GPa] (elastic stiffness constants)
          1                 2                 3                 4                 5                 6
1       658.03605         136.05687         136.05687    -4.2983745e-09    -5.0859024e-09     5.0965694e-09
2       136.05687         658.03605         136.05687     4.6698722e-09    -2.5121761e-09     1.7770929e-09
3       136.05687         136.05687         658.03605    -5.9208855e-09     5.2183554e-09     1.1176727e-10
4  -4.2983745e-09     4.6698722e-09    -5.9208855e-09          318.4718    -3.8608251e-09     7.7556644e-09
5  -5.0859024e-09    -2.5121761e-09     5.2183554e-09    -3.8608251e-09          318.4718     1.5360514e-10
6   5.0965694e-09     1.7770929e-09     1.1176727e-10     7.7556644e-09     1.5360514e-10          318.4718
-------------------------------------------------------------
Voigt bulk modulus, BV:       310.04993
Reuss bulk modulus, BR:       310.04993
Hill bulk modulus, B=(BV+BR)/2:       310.04993 [GPa]

Voigt shear modulus, GV:       486.56199
Reuss shear modulus, GR:       499.09476
Hill shear modulus, G=(GV+GR)/2:       492.82838 [GPa]

Pughs modulus ratio, k=G/B:       1.5895129
-------------------------------------------------------------

Reference (P. Liu et al., Comput. Mater. Sci. 182 (2020) 109757.: https://doi.org/10.1016/j.commatsci.2020.109757)
-------------------------------------------------------------
NiN NaCl-type
C11 660.2 [GPa]
C12 136.6 [GPa]
C44 281.1 [GPa]
-------------------------------------------------------------



Results [CrN NaCl-type] (Cmax(2,4,2) = 2.80 case in the paper.)
-------------------------------------------------------------
Show results of 1st step (Running Minimization)
The number of atoms = 8;
The lattice constant, x (Angstoms) = 4.4065738769474;
The lattice constant, y (Angstoms) = 4.4065738769474;
The lattice constant, z (Angstoms) = 4.4065738769474;
The volume (Angstoms^3) = 85.5663815065281;
The total energy (eV) = -39.7049729326033;
The cohesive energy (eV/atom) = -4.96312161657541;
-------------------------------------------------------------
# Murnaghan equation of state
f(x) = (a*x/(b*(b-1)))*(b*(1-c/x)+(c/x)**b-1)+d

Final set of parameters            Asymptotic Standard Error
=======================            ==========================
a               = 2.03831          +/- 0.001671     (0.08197%)
b               = 4.72731          +/- 0.02547      (0.5389%)
c               = 71.3804          +/- 0.006593     (0.009236%)
d               = -41.756          +/- 0.0008811    (0.00211%)

71.3804^(1/3) = 4.148199 [A]
-41.756/8 = -5.2195 [eV/atom]
-------------------------------------------------------------
C tensor [GPa] (elastic stiffness constants)
          1                 2                 3                 4                 5                 6
1       214.07754         528.25149         179.20568        -123.22799         288.80868         168.06968
2       528.25149         61.119581         356.70296         103.45714        -205.91401         33.941577
3       179.20568         356.70296         94.956195        -160.81219         594.55982        -51.528149
4      -123.22799         103.45714        -160.81219         414.95591        -478.44437         204.51923
5       288.80868        -205.91401         594.55982        -478.44437         291.45367        -425.24964
6       168.06968         33.941577        -51.528149         204.51923        -425.24964         189.89278
-------------------------------------------------------------
Voigt bulk modulus, BV:       277.60817
Reuss bulk modulus, BR:       409.76826
Hill bulk modulus, B=(BV+BR)/2:       343.68822 [GPa]

Voigt shear modulus, GV:       312.25382
Reuss shear modulus, GR:      -179.36142
Hill shear modulus, G=(GV+GR)/2:       66.446201 [GPa]

Pughs modulus ratio, k=G/B:      0.19333279
-------------------------------------------------------------

Reference (P. Liu et al., Comput. Mater. Sci. 182 (2020) 109757.: https://doi.org/10.1016/j.commatsci.2020.109757)
-------------------------------------------------------------
CrN NaCl-type
C11 502.5 [GPa]
C12 247.5 [GPa]
C44  10.3 [GPa]
-------------------------------------------------------------


Results [CrN NaCl-type] (Cmax(2,4,2) = Cmax(4,2,2) = 1.44 case in the paper.)
-------------------------------------------------------------
Show results of 1st step (Running Minimization)
The number of atoms = 8;
The lattice constant, x (Angstoms) = 4.40634438818955;
The lattice constant, y (Angstoms) = 4.40634438818955;
The lattice constant, z (Angstoms) = 4.40634438818955;
The volume (Angstoms^3) = 85.5530136380702;
The total energy (eV) = -39.7370129323702;
The cohesive energy (eV/atom) = -4.96712661654628;
-------------------------------------------------------------
# Murnaghan equation of state
f(x) = (a*x/(b*(b-1)))*(b*(1-c/x)+(c/x)**b-1)+d

Final set of parameters            Asymptotic Standard Error
=======================            ==========================
a               = 2.04291          +/- 0.001676     (0.08202%)
b               = 4.73281          +/- 0.02548      (0.5385%)
c               = 71.3693          +/- 0.006594     (0.009239%)
d               = -41.7917         +/- 0.0008833    (0.002114%)

71.3693^(1/3) = 4.147984 [A]
-41.7917/8 = -5.22396 [eV/atom]
-------------------------------------------------------------
C tensor [GPa] (elastic stiffness constants)
          1                 2                 3                 4                 5                 6
1       509.22577         245.29568         245.29568    -2.7905768e-09     5.3446462e-09     3.2862961e-09
2       245.29568         509.22577         245.29568     1.4375021e-09      3.764988e-09      2.863216e-09
3       245.29568         245.29568         509.22577     7.9357233e-10     2.1195333e-09     2.4278829e-09
4  -2.7905768e-09     1.4375021e-09     7.9357233e-10         27.533066     7.8210073e-10      4.998525e-10
5   5.3446462e-09      3.764988e-09     2.1195333e-09     7.8210073e-10         27.533066     9.3999611e-10
6   3.2862961e-09      2.863216e-09     2.4278829e-09      4.998525e-10     9.3999611e-10         27.533066
-------------------------------------------------------------
Voigt bulk modulus, BV:       333.27237
Reuss bulk modulus, BR:       333.27237
Hill bulk modulus, B=(BV+BR)/2:       333.27237 [GPa]

Voigt shear modulus, GV:       85.825699
Reuss shear modulus, GR:       117.93704
Hill shear modulus, G=(GV+GR)/2:       101.88137 [GPa]

Pughs modulus ratio, k=G/B:      0.30570001
-------------------------------------------------------------

Reference (P. Liu et al., Comput. Mater. Sci. 182 (2020) 109757.: https://doi.org/10.1016/j.commatsci.2020.109757)
-------------------------------------------------------------
CrN NaCl-type
C11 502.5 [GPa]
C12 247.5 [GPa]
C44  10.3 [GPa]
-------------------------------------------------------------